well,channel,scan,height,width,baseline,area,noise
A01,Channel3,2273,230.67189927750917,389,122.32810072249084,16720.021542429222,6.5279523375920245
A01,Channel3,2335,2407.3200297384487,30,206.67997026155146,22895.574507931055,6.5279523375920245
A01,Channel3,2397,3320.7429124599585,31,255.25708754004157,29844.832510354412,6.5279523375920245
A01,Channel3,2622,2698.609287628108,8,352.3907123718916,16534.558421373153,6.5279523375920245
A01,Channel3,2633,2975.6410910010654,58,370.3589089989348,61894.85629202499,6.5279523375920245
A01,Channel3,2662,844.9036974389505,18,371.09630256104947,12506.309567716171,6.5279523375920245
A02,Channel3,2332,2307.4362110412007,22,203.56378895879928,16260.492406405148,7.2069160138578345
A02,Channel3,2398,1840.303109559889,40,248.696890440111,21087.911287614326,7.2069160138578345
A02,Channel3,2603,526.7692202262749,47,282.2307797737251,8480.489295858468,7.2069160138578345
A02,Channel3,2633,1818.026147229379,8,314.973852770621,11141.662607791315,7.2069160138578345
A02,Channel3,2643,2237.7260171392204,34,317.2739828607795,31094.893642731826,7.2069160138578345
A03,Channel3,2363,1537.5731868105754,40,174.42681318942456,14813.181580987179,8.820653011157491
A03,Channel3,2429,1158.1873911344542,34,194.81260886554585,11540.345416066146,8.820653011157491
A03,Channel3,2614,490.13906501608193,42,265.86093498391807,7951.231399835425,8.820653011157491
A03,Channel3,2650,1540.1859951218903,7,279.81400487810976,8427.91371095072,8.820653011157491
A03,Channel3,2659,1729.2777225181262,33,277.72227748187385,23275.681560899866,8.820653011157491
A04,Channel3,2219,224.7142424008619,449,105.28575759913808,17721.56426564408,7.431246451979898
A04,Channel3,2361,1973.134567597403,47,207.86543240259698,27636.98789263519,7.431246451979898
A04,Channel3,2434,4140.268833489724,31,246.73116651027624,28123.06630551454,7.431246451979898
A04,Channel3,2592,885.0497395074188,45,315.95026049258115,14401.472307938191,7.431246451979898
A04,Channel3,2631,2618.924010847189,8,331.07598915281096,17424.899033035308,7.431246451979898
A04,Channel3,2641,2889.9698888190856,37,325.0301111809145,46006.99440918809,7.431246451979898
A05,Channel3,2267,248.6550536319986,445,139.3449463680014,21469.784350376824,9.680761257401931
A05,Channel3,2380,2340.2912918717607,33,242.7087081282394,26838.938684268287,9.680761257401931
A05,Channel3,2434,2860.972092305206,26,283.0279076947942,24141.386193724946,9.680761257401931
A05,Channel3,2660,3097.7011800970095,53,425.2988199029908,59463.47798861403,9.680761257401931
A05,Channel3,2673,2763.188403994281,12,434.81159600571897,21715.828027723575,9.680761257401931
A07,Channel3,2243,228.97383758856836,18,161.02616241143164,2407.810164701049,8.854205451224475
A07,Channel3,2288,296.80326218565017,9,224.19673781434983,1349.370988333775,8.854205451224475
A07,Channel3,2297,2566.934881063497,27,240.06511893650284,21775.062892757076,8.854205451224475
A07,Channel3,2349,1895.7551669593136,37,290.24483304068633,21626.313311313654,8.854205451224475
A07,Channel3,2563,2125.7815791495586,9,363.21842085044113,14438.437260861696,8.854205451224475
A07,Channel3,2575,2558.6334994217054,75,384.3665005782944,58288.31759873786,8.854205451224475
A07,Channel3,2620,1019.2925872770727,23,376.70741272292724,13305.184189790916,8.854205451224475
A08,Channel3,2293,2799.2804424668866,24,271.7195575331136,24696.477964525893,9.236840330789805
A08,Channel3,2327,3248.7166649179862,22,297.28333508201365,20882.996245442457,9.236840330789805
A08,Channel3,2532,2234.071744581152,8,375.92825541884804,14539.582280845614,9.236840330789805
A08,Channel3,2543,2506.537519595583,48,393.46248040441697,43239.14908676223,9.236840330789805
A08,Channel3,2590,846.237721311187,23,382.762278688813,10461.756962614387,9.236840330789805
A09,Channel3,2247,220.4642324674649,430,133.5357675325351,24048.74401521145,7.784464420893406
A09,Channel3,2362,2195.8571790959795,38,222.14282090402057,25894.76889500715,7.784464420893406
A09,Channel3,2425,3242.3777528507903,24,259.62224714920984,22171.172466269083,7.784464420893406
A09,Channel3,2625,847.1752059310783,38,372.82479406892173,13144.294905140227,7.784464420893406
A09,Channel3,2645,2250.5134197079224,9,391.48658029207775,15316.25728537899,7.784464420893406
A09,Channel3,2657,2397.7341177565936,41,387.26588224340657,42716.89710963313,7.784464420893406
A10,Channel3,2259,212.05308425574864,452,149.94691574425136,20348.114813695553,8.553599441861225
A10,Channel3,2385,1848.0939560700256,47,245.90604392997435,27301.184744980463,8.553599441861225
A10,Channel3,2456,1651.966925062432,37,314.033074937568,21236.51936523182,8.553599441861225
A10,Channel3,2641,830.0068674922086,46,285.9931325077914,14010.320112893354,8.553599441861225
A10,Channel3,2694,1824.2340743425843,7,361.7659256574158,10755.78415347501,8.553599441861225
A10,Channel3,2705,2335.901072143568,42,372.098927856432,41735.20209670147,8.553599441861225
A11,Channel3,2282,261.9420640730594,478,154.05793592694062,25543.00731203673,8.947312288399631
A11,Channel3,2443,2480.1241842487807,35,205.8758157512191,24362.665724988863,8.947312288399631
A11,Channel3,2530,2298.457389371317,37,263.54261062868306,27717.340930578383,8.947312288399631
A11,Channel3,2677,1066.5737601576807,48,296.42623984231943,18706.116102320448,8.947312288399631
A11,Channel3,2745,2780.3560234484216,7,370.6439765515784,15890.032488359595,8.947312288399631
A11,Channel3,2756,3075.6146460495975,38,374.38535395040253,50797.51971772165,8.947312288399631
A12,Channel3,2344,1393.085221316077,45,205.91477868392303,17014.10005238367,6.849419305586017
A12,Channel3,2419,1956.4013872462235,38,275.59861275377654,24621.365568175115,6.849419305586017
A12,Channel3,2659,2067.1331968990125,47,351.8668031009876,43827.843688513196,6.849419305586017
A12,Channel3,2673,1888.2335670588454,11,368.7664329411545,15612.137710652252,6.849419305586017
B01,Channel3,2257,259.0060102542822,406,120.99398974571778,17248.941014071344,6.454594713798442
B01,Channel3,2318,3463.6340565065316,25,228.36594349346842,26343.099845140496,6.454594713798442
B01,Channel3,2374,4211.328895314476,39,322.67110468552477,48382.89035215076,6.454594713798442
B01,Channel3,2611,3735.2160935775937,8,399.7839064224061,21948.953168543376,6.454594713798442
B01,Channel3,2621,4164.055839573142,47,416.9441604268576,73915.45704942837,6.454594713798442
B01,Channel3,2639,1272.7833570231,15,421.21664297689995,15525.155103298845,6.454594713798442
B03,Channel3,2360,2261.4776209577176,29,173.52237904228238,23302.437352596535,7.1148023149704995
B03,Channel3,2424,2677.06229635273,30,206.93770364727035,21211.042488640454,7.1148023149704995
B03,Channel3,2610,713.3438845987273,42,258.6561154012727,10404.338175097599,7.1148023149704995
B03,Channel3,2657,2352.0562756731665,8,305.9437243268335,14051.189122481,7.1148023149704995
B03,Channel3,2668,2606.875080630299,38,308.12491936970065,39783.63179455618,7.1148023149704995
B04,Channel3,2398,2230.3159264768683,31,209.68407352313147,24890.42096332598,6.727035318716278
B04,Channel3,2447,3259.0041425593618,23,239.99585744063833,20262.394295183294,6.727035318716278
B04,Channel3,2597,623.0243312893837,85,199.97566871061633,14445.408438128225,6.727035318716278
B04,Channel3,2668,2035.5068705587396,9,280.4931294412605,13681.71318460546,6.727035318716278
B04,Channel3,2679,2543.453039777938,39,284.54696022206167,37823.5404726092,6.727035318716278
B05,Channel3,2286,222.8776281915147,510,140.1223718084853,22108.139285972433,9.135613989622982
B05,Channel3,2421,2904.575095605471,25,210.42490439452936,19682.525969474907,9.135613989622982
B05,Channel3,2477,1684.5697026228884,39,264.43029737711163,21897.188114525707,9.135613989622982
B05,Channel3,2489,662.6233179952801,5,267.3766820047199,3198.26098492011,9.135613989622982
B05,Channel3,2553,211.4275316047845,106,238.5724683952155,6869.509193749805,9.135613989622982
B05,Channel3,2682,886.7853619609436,49,400.21463803905635,14685.643664024099,9.135613989622982
B05,Channel3,2707,2209.4443495170144,8,446.5556504829858,13544.772980395293,9.135613989622982
B05,Channel3,2717,2318.032061534959,36,450.9679384650408,38251.201474059446,9.135613989622982
B05,Channel3,2776,420.02796592315707,34,361.97203407684293,5398.512015993618,9.135613989622982
B06,Channel3,2266,255.4516426412422,472,146.5483573587578,22788.447081675622,9.132197923742275
B06,Channel3,2404,1953.8520530320318,29,293.1479469679682,19204.156780267207,9.132197923742275
B06,Channel3,2433,475.5994867268134,18,369.4005132731866,4375.476620261094,9.132197923742275
B06,Channel3,2462,1454.216491100085,62,403.783508899915,20113.20882497564,9.132197923742275
B06,Channel3,2491,444.8339209405803,31,389.1660790594197,6120.023624694664,9.132197923742275
B06,Channel3,2633,194.57895546463266,12,323.42104453536734,2352.3647849745016,9.132197923742275
B06,Channel3,2655,994.5705034752838,49,347.4294965247162,18279.84152641047,9.132197923742275
B06,Channel3,2691,1304.3477334287688,10,396.6522665712312,10464.557661464414,9.132197923742275
B06,Channel3,2704,1729.4278312037986,79,413.5721687962015,49153.38779045612,9.132197923742275
B06,Channel3,2724,780.7014085914814,9,424.2985914085186,5724.283748725938,9.132197923742275
B06,Channel3,2736,759.8340129252914,33,420.1659870747086,18057.583092991143,9.132197923742275
B06,Channel3,2841,253.9897348699517,50,301.0102651300483,5188.453301239736,9.132197923742275
B07,Channel3,2240,258.4753339161399,19,153.5246660838601,2582.0743976842646,8.234832684519162
B07,Channel3,2316,3986.9909012940516,21,268.00909870594836,23410.01453805458,8.234832684519162
B07,Channel3,2366,2575.098671651419,42,336.90132834858105,33522.22027900103,8.234832684519162
B07,Channel3,2588,2657.320204210233,10,401.67979578976724,18941.380087726568,8.234832684519162
B07,Channel3,2601,3229.7045767069944,47,427.2954232930057,68811.97034177088,8.234832684519162
B07,Channel3,2615,1525.7456248777057,9,438.2543751222943,12457.313347690004,8.234832684519162
B08,Channel3,2227,211.0983022349406,444,142.9016977650594,20439.78050156409,8.891210278794675
B08,Channel3,2313,3639.990114222641,22,253.00988577735927,22699.514961420402,8.891210278794675
B08,Channel3,2351,2817.9165090536026,33,320.0834909463974,28691.265298864848,8.891210278794675
B08,Channel3,2571,2562.971540504201,9,379.02845949579904,17533.183719036715,8.891210278794675
B08,Channel3,2584,2784.1068974899567,49,396.8931025100431,62636.399872454684,8.891210278794675
B08,Channel3,2599,1189.5534830735237,9,401.44651692647625,9941.024623519752,8.891210278794675
B09,Channel3,2244,222.1061994497439,443,161.8938005502561,22506.688230711803,7.7179008485134375
B09,Channel3,2390,2721.1096348483134,33,246.89036515168644,27631.432271946764,7.7179008485134375
B09,Channel3,2448,2228.278556341233,27,275.72144365876693,20171.36969556131,7.7179008485134375
B09,Channel3,2621,728.8678436455173,46,344.1321563544828,11955.432688334584,7.7179008485134375
B09,Channel3,2666,2137.0071509611334,9,370.9928490388668,14348.223556526704,7.7179008485134375
B09,Channel3,2678,2259.7940952064696,41,364.20590479353046,39251.95751723082,7.7179008485134375
B10,Channel3,2235,194.8783601492416,497,166.1216398507584,18950.523138793134,7.9048079597201895
B10,Channel3,2414,2690.8751224957587,30,241.12487750424123,23421.92256481836,7.9048079597201895
B10,Channel3,2474,2192.8715933409617,27,264.12840665903815,20672.742807706476,7.9048079597201895
B10,Channel3,2610,850.2017035961107,48,242.79829640388928,14758.689508703697,7.9048079597201895
B10,Channel3,2705,2295.093283518035,8,290.90671648196485,14164.811191872439,7.9048079597201895
B10,Channel3,2715,2571.2984210292575,36,292.7015789707424,38136.42635824139,7.9048079597201895
B11,Channel3,2249,239.71126597128278,554,150.28873402871722,23588.375303012388,8.76942175313396
B11,Channel3,2439,2857.760102382745,28,211.23989761725485,22955.397637187758,8.76942175313396
B11,Channel3,2511,2191.979303266005,36,280.020696733995,23976.925129784337,8.76942175313396
B11,Channel3,2634,937.6123732967444,47,291.38762670325565,16450.259232035278,8.76942175313396
B11,Channel3,2732,2624.661527897994,8,342.3384721020061,16641.893043927164,8.76942175313396
B11,Channel3,2743,2845.621583612367,40,342.3784163876332,47946.09378616507,8.76942175313396
B12,Channel3,2596,1455.6836831686335,35,176.31631683136652,17311.988438544235,6.100070261469099
B12,Channel3,2668,1381.8578484029179,47,235.1421515970822,21047.827044228095,6.100070261469099
B12,Channel3,2695,429.6225059585753,14,244.3774940414247,4682.5932043961075,6.100070261469099
B12,Channel3,2911,1707.3447228027162,10,290.65527719728374,12260.217560269884,6.100070261469099
B12,Channel3,2924,1909.1267511744245,45,316.8732488255756,35244.790097144025,6.100070261469099
B12,Channel3,3008,776.1490252473309,60,359.8509747526691,17126.450151388315,6.100070261469099
C01,Channel3,2237,260.26141434161036,395,128.73858565838967,15505.419269080046,6.50087228912425
C01,Channel3,2309,2340.8752024686764,25,209.12479753132357,21246.184258766945,6.50087228912425
C01,Channel3,2368,2627.060858398591,39,277.939141601409,32435.086025802535,6.50087228912425
C01,Channel3,2610,4039.5008598117456,37,365.49914018825433,57002.75972233757,6.50087228912425
C01,Channel3,2621,3471.009681856403,9,374.9903181435971,22650.410709589487,6.50087228912425
C02,Channel3,2410,2068.390553611051,44,197.60944638894915,20923.373660771857,7.188126457963154
C02,Channel3,2477,1725.826955351708,34,217.173044648292,16261.171473406248,7.188126457963154
C02,Channel3,2627,659.3339467602239,47,248.6660532397761,12313.854299849945,7.188126457963154
C02,Channel3,2686,1825.0183442760454,7,295.98165572395465,11098.242274145392,7.188126457963154
C02,Channel3,2695,2402.999533151101,33,297.00046684889907,31996.13179947758,7.188126457963154
C03,Channel3,2342,1052.5649274225088,50,170.4350725774911,13522.563008353733,7.407801938499195
C03,Channel3,2404,2400.0748794529222,24,198.92512054707785,19216.868233085785,7.407801938499195
C03,Channel3,2607,333.85934371749937,20,260.14065628250063,4909.471605125513,7.407801938499195
C03,Channel3,2624,1271.6908419992128,9,272.30915800078714,8715.241049008013,7.407801938499195
C03,Channel3,2636,1395.4086720788289,63,272.5913279211711,29991.29919024235,7.407801938499195
C04,Channel3,2381,2042.1566158652897,51,223.84338413471028,23267.722158863864,7.225776344997665
C04,Channel3,2439,2604.803225265102,23,264.19677473489804,19188.723655874757,7.225776344997665
C04,Channel3,2597,620.212453974139,71,214.78754602586108,12520.196316688316,7.225776344997665
C04,Channel3,2661,1984.1297675535234,9,265.8702324464766,12874.130757771818,7.225776344997665
C04,Channel3,2672,2341.855642203562,39,268.1443577964378,36063.57221205062,7.225776344997665
C05,Channel3,2263,221.86951917663063,22,117.13048082336937,2545.0407826232845,7.916213444986672
C05,Channel3,2403,3333.5493147517723,26,247.4506852482277,29911.157218456665,7.916213444986672
C05,Channel3,2447,3647.2956207965826,22,277.7043792034176,24393.379728752203,7.916213444986672
C05,Channel3,2648,843.4564560370352,13,387.54354396296475,8646.248278995894,7.916213444986672
C05,Channel3,2662,2315.6613576028967,11,404.33864239710323,17144.8602644106,7.916213444986672
C05,Channel3,2676,2453.33648594093,64,404.6635140590703,57055.1611116602,7.916213444986672
C06,Channel3,2378,2229.1827390412295,33,226.81726095877036,24403.577460348362,8.92228130797578
C06,Channel3,2441,1967.0530978183397,27,256.9469021816603,19048.910750218663,8.92228130797578
C06,Channel3,2624,630.7739449306545,43,284.22605506934553,10767.306384221829,8.92228130797578
C06,Channel3,2660,1863.5461177493112,10,307.45388225068876,12904.580987333886,8.92228130797578
C06,Channel3,2674,1839.943746970288,44,308.0562530297121,34790.12107757773,8.92228130797578
C07,Channel3,2229,265.1623104405252,414,147.8376895594748,21984.598411661544,10.278966715710759
C07,Channel3,2314,2633.5372427715897,26,259.4627572284102,21902.116645995953,10.278966715710759
C07,Channel3,2360,3317.4839624026968,30,319.51603759730324,30130.915521889452,10.278966715710759
C07,Channel3,2578,2310.9388119265677,9,371.0611880734324,17126.76758454383,10.278966715710759
C07,Channel3,2590,2897.1892589678946,44,382.8107410321052,62129.679841452074,10.278966715710759
C08,Channel3,2245,209.38895036212992,450,137.61104963787008,17404.38453706004,9.683047027982896
C08,Channel3,2329,3277.6100117926667,23,237.38998820733352,19441.171881179012,9.683047027982896
C08,Channel3,2378,3215.0154510235693,33,311.9845489764307,29616.339164132456,9.683047027982896
C08,Channel3,2601,2460.9793106740667,10,353.0206893259331,16816.9749803922,9.683047027982896
C08,Channel3,2615,2355.8976746084945,46,372.10232539150525,56348.55560617931,9.683047027982896
C09,Channel3,2297,214.7374990018446,490,154.2625009981554,20977.3818912611,8.775113956719348
C09,Channel3,2450,2258.5351055644323,29,227.46489443556752,22872.159563446225,8.775113956719348
C09,Channel3,2515,2101.533257604845,35,299.4667423951548,23670.756935219237,8.775113956719348
C09,Channel3,2696,851.003955104667,47,318.996044895333,14300.395532804223,8.775113956719348
C09,Channel3,2754,2184.986454622732,8,408.01354537726803,15115.597651161252,8.775113956719348
C09,Channel3,2765,2791.7920624781364,41,416.2079375218636,48574.555764381344,8.775113956719348
C10,Channel3,2259,250.3240912426685,524,167.6759087573315,23268.572211528735,8.163680769052496
C10,Channel3,2449,2273.705261003201,28,260.2947389967989,22844.494185588494,8.163680769052496
C10,Channel3,2517,1722.465685352456,37,369.5343146475441,21485.118429197766,8.163680769052496
C10,Channel3,2644,885.0784550998943,45,296.9215449001057,14471.287094744208,8.163680769052496
C10,Channel3,2742,2324.641336949773,8,383.35866305022705,15948.030172539184,8.163680769052496
C10,Channel3,2752,2846.5217046154903,40,395.47829538450986,45579.70554422353,8.163680769052496
C11,Channel3,2292,310.56890903712804,257,181.431090962872,9422.85494150649,8.965284465550425
C11,Channel3,2485,1968.6915017994452,43,263.3084982005549,24331.74405105514,8.965284465550425
C11,Channel3,2571,3045.260092238684,30,327.73990776131575,29473.601567368805,8.965284465550425
C11,Channel3,2694,1175.4663869536553,49,333.53361304634467,21442.38643593824,8.965284465550425
C11,Channel3,2798,2908.6413182850793,7,408.358681714921,18174.966357293404,8.965284465550425
C11,Channel3,2807,3951.4229171389175,36,412.57708286108266,55627.575787590606,8.965284465550425
C12,Channel3,2286,289.30116600147153,521,137.6988339985285,17293.843899065276,6.546899020762918
C12,Channel3,2435,3157.9053038420625,27,202.0946961579374,28641.455074935013,6.546899020762918
C12,Channel3,2506,2909.485642426198,34,284.5143575738018,30872.628348754162,6.546899020762918
C12,Channel3,2579,258.5719642420354,26,300.4280357579646,3006.987143431931,6.546899020762918
C12,Channel3,2685,1103.488826753241,48,324.5111732467591,18750.99594676685,6.546899020762918
C12,Channel3,2749,2551.288834189665,8,444.711165810335,17447.107514970343,6.546899020762918
C12,Channel3,2760,3142.1741478508893,38,457.82585214911086,52273.88065277519,6.546899020762918
C12,Channel3,2804,422.1214244448527,7,427.8785755551473,2286.5897308914878,6.546899020762918
C12,Channel3,2815,473.3539701409985,50,408.6460298590015,8987.674633024806,6.546899020762918
D01,Channel3,2270,212.15795205179165,22,155.84204794820835,2081.601149501576,8.040942218931114
D01,Channel3,2340,2390.012966853665,29,228.98703314633485,23347.870725895657,8.040942218931114
D01,Channel3,2413,3740.523318255199,28,291.4766817448014,30839.506603884212,8.040942218931114
D01,Channel3,2458,308.31593636937515,11,278.68406363062485,2392.4617464546063,8.040942218931114
D01,Channel3,2475,318.5110319518282,161,263.4889680481718,8403.097843512027,8.040942218931114
D01,Channel3,2649,2851.5652748455695,8,398.4347251544303,18761.080282792173,8.040942218931114
D01,Channel3,2660,3894.153062417501,35,407.8469375824991,61876.31522637173,8.040942218931114
D02,Channel3,2235,395.7533182546913,45,176.24668174530873,4282.208675996132,14.351995240186103
D02,Channel3,2473,1646.8133613872556,27,190.1866386127445,13197.419093189645,14.351995240186103
D02,Channel3,2555,1531.7732695537643,36,222.22673044623582,15405.85003912645,14.351995240186103
D02,Channel3,2718,549.354876112443,50,322.645123887557,10083.978366781937,14.351995240186103
D02,Channel3,2743,1913.0704715667061,7,333.92952843329397,10162.415805890378,14.351995240186103
D02,Channel3,2753,1894.976924484512,32,329.0230755154879,28584.37040266685,14.351995240186103
D03,Channel3,2420,2590.698495174812,24,156.30150482518832,21441.49638368697,7.283649773137752
D03,Channel3,2494,1309.561382199477,51,194.43861780052305,19548.536329123748,7.283649773137752
D03,Channel3,2514,365.42965285741684,12,203.57034714258316,3766.1244951328467,7.283649773137752
D03,Channel3,2640,805.6135524750775,46,230.3864475249224,14868.349264889937,7.283649773137752
D03,Channel3,2730,1814.1193461199907,7,283.8806538800093,11289.971645184376,7.283649773137752
D03,Channel3,2739,2428.103142418274,34,283.8968575817261,37436.46658971094,7.283649773137752
D04,Channel3,2418,1788.8588124035734,32,235.14118759642656,22317.28673366081,7.921240986716882
D04,Channel3,2462,1839.624978814371,33,285.3750211856292,18138.966285528324,7.921240986716882
D04,Channel3,2654,736.8943298785118,48,256.1056701214882,12777.757384488028,7.921240986716882
D04,Channel3,2702,1662.633934434812,8,318.36606556518785,11218.8682235214,7.921240986716882
D04,Channel3,2713,1970.2347769031414,49,329.7652230968585,38679.99971712964,7.921240986716882
D05,Channel3,2202,261.75363078954246,45,203.24636921045754,3130.7944086942057,9.55361966640487
D05,Channel3,2276,206.0765626945204,22,181.9234373054796,2466.8763434087077,9.55361966640487
D05,Channel3,2427,3023.2321691006728,23,270.76783089932707,22001.076281326652,9.55361966640487
D05,Channel3,2473,2066.952313857897,31,308.04768614210275,21560.01267501886,9.55361966640487
D05,Channel3,2667,823.2795827906264,46,370.7204172093736,13446.588877399401,9.55361966640487
D05,Channel3,2704,2326.46317924494,9,412.53682075506,15513.577135599739,9.55361966640487
D05,Channel3,2716,2553.4539459152534,39,415.54605408474674,43968.04085119396,9.55361966640487
D06,Channel3,2291,252.3217314889689,52,163.6782685110311,3586.1877807663177,9.164663733996713
D06,Channel3,2378,204.98479291480302,38,149.01520708519698,2764.0814038432914,9.164663733996713
D06,Channel3,2533,1954.681438041013,35,223.3185619589869,20726.0651679325,9.164663733996713
D06,Channel3,2600,2041.8898496880274,34,270.11015031197246,22177.65123491613,9.164663733996713
D06,Channel3,2810,743.714334223362,22,439.285665776638,10738.445365632455,9.164663733996713
D06,Channel3,2832,2360.370014268049,9,480.629985731951,15583.304807819477,9.164663733996713
D06,Channel3,2844,2427.951986941023,66,484.048013058977,54028.41920247448,9.164663733996713
D07,Channel3,2242,258.2959464726657,23,163.7040535273343,2651.7412946814034,9.32003113329522
D07,Channel3,2331,2445.703161152593,26,279.2968388474069,22061.958928916873,9.32003113329522
D07,Channel3,2386,3509.6479712984205,33,343.3520287015795,35087.09345289587,9.32003113329522
D07,Channel3,2608,2585.3657018599706,8,423.63429814002944,17665.052038253612,9.32003113329522
D07,Channel3,2620,3647.292562704669,41,444.70743729533115,59942.934567798555,9.32003113329522
D08,Channel3,2331,1983.3684224539552,41,245.63157754604484,17545.107716620143,8.926077983005536
D08,Channel3,2382,2512.8754047742423,32,336.12459522575784,25252.384133653595,8.926077983005536
D08,Channel3,2604,1651.9621928388333,9,381.03780716116677,13833.541375385294,8.926077983005536
D08,Channel3,2616,2633.391882508881,46,402.6081174911191,47003.150918910236,8.926077983005536
D09,Channel3,2540,2116.988529256721,37,199.01147074327886,24095.535087164393,8.053527760280803
D09,Channel3,2615,2475.2425591765427,35,252.75744082345724,25350.829888492815,8.053527760280803
D09,Channel3,2836,716.6622493264717,30,395.3377506735282,11151.087111786834,8.053527760280803
D09,Channel3,2866,2868.3042391520717,9,424.69576084792817,16842.275502905766,8.053527760280803
D09,Channel3,2879,2740.9376506106573,41,417.0623493893425,48582.27441933972,8.053527760280803
D10,Channel3,2239,394.8359395857379,513,170.1640604142621,28551.57956948133,7.92080451116817
D10,Channel3,2413,232.09001016264568,9,300.9099898373543,1607.718586482983,7.92080451116817
D10,Channel3,2425,238.1469340743713,20,342.8530659256287,3921.7919408676516,7.92080451116817
D10,Channel3,2436,3143.2281783894296,41,375.7718216105706,37726.41243192869,7.92080451116817
D10,Channel3,2458,814.3013021996939,15,413.69869780030615,8013.320329913991,7.92080451116817
D10,Channel3,2484,3351.8325510754353,25,407.16744892456455,21435.06902343018,7.92080451116817
D10,Channel3,2560,313.6462951913253,26,299.3537048086747,6130.439583295629,7.92080451116817
D10,Channel3,2616,1098.433397992981,90,300.5666020070188,27018.39976765875,7.92080451116817
D10,Channel3,2671,940.6705590957428,54,363.32944090425724,20005.32805818432,7.92080451116817
D10,Channel3,2708,221.41670169409258,12,388.5832983059074,2135.1602902145464,7.92080451116817
D10,Channel3,2717,3974.2710869349585,29,381.72891306504147,49320.03186566582,7.92080451116817
D10,Channel3,2725,3881.5433262437286,7,370.4566737562712,19935.642006838192,7.92080451116817
D12,Channel3,2332,225.53875905615655,474,129.46124094384345,22133.620871098195,7.254990652453653
D12,Channel3,2458,2481.629642376876,38,187.37035762312422,27700.44654489046,7.254990652453653
D12,Channel3,2544,2554.956858420049,33,274.0431415799514,28699.12255443081,7.254990652453653
D12,Channel3,2749,810.7122728302602,29,445.28772716973975,11338.044683148166,7.254990652453653
D12,Channel3,2788,2724.633833148586,8,506.3661668514142,18100.81532869357,7.254990652453653
D12,Channel3,2799,3190.6668954768984,39,502.33310452310144,54248.23011444662,7.254990652453653
E02,Channel3,2403,1927.4396840883337,47,216.56031591166627,21544.31803604265,8.362355924883758
E02,Channel3,2463,1904.4452245580517,26,226.55477544194827,16751.15500679875,8.362355924883758
E02,Channel3,2625,510.0388565251085,49,244.96114347489151,9186.29387167175,8.362355924883758
E02,Channel3,2677,2224.5160104013103,7,287.4839895986896,11348.054388537314,8.362355924883758
E02,Channel3,2687,2253.3298921050146,37,288.6701078949856,32564.314998773083,8.362355924883758
E03,Channel3,2392,2533.7438629225135,30,219.25613707748636,26491.31221687369,8.140974732289463
E03,Channel3,2445,2433.6773337957434,28,246.32266620425676,18282.15467849407,8.140974732289463
E03,Channel3,2593,641.8019912773394,51,204.19800872266055,12131.404129888659,8.140974732289463
E03,Channel3,2688,2105.744868033943,10,267.2551319660572,13613.782510263298,8.140974732289463
E03,Channel3,2701,2108.128699868226,42,272.8713001317743,36551.32991319374,8.140974732289463
E04,Channel3,2266,212.73078116225213,25,127.26921883774789,2287.0177310504037,7.085632643111786
E04,Channel3,2456,2572.7827253560677,33,166.21727464393243,23721.36365435695,7.085632643111786
E04,Channel3,2547,2236.5505513638664,34,249.44944863613384,26293.03397911551,7.085632643111786
E04,Channel3,2657,834.6064519212464,52,241.39354807875358,15449.22569758026,7.085632643111786
E04,Channel3,2760,2889.376337344359,7,317.62366265564094,17350.834458673326,7.085632643111786
E04,Channel3,2769,3417.76987496775,33,319.2301250322499,50546.10006203586,7.085632643111786
E05,Channel3,2391,224.81977886662145,26,128.18022113337855,2608.571331570292,7.986251862315937
E05,Channel3,2530,1954.9018144999636,36,205.0981855000365,21365.822212719882,7.986251862315937
E05,Channel3,2598,2518.1562953370826,29,244.8437046629174,23754.34345809951,7.986251862315937
E05,Channel3,2819,2916.0120675221992,7,391.9879324778006,18026.960092690057,7.986251862315937
E05,Channel3,2829,3676.602255986699,36,404.3977440133009,54796.71258842895,7.986251862315937
E06,Channel3,2383,3152.015583009481,33,232.984416990519,32399.29649627778,9.520013075392596
E06,Channel3,2452,3030.231191309404,32,270.7688086905959,24942.61190829837,9.520013075392596
E06,Channel3,2621,804.3197082207375,46,298.68029177926246,12324.57052519734,9.520013075392596
E06,Channel3,2678,2286.536851266577,10,346.46314873342317,16123.964020966481,9.520013075392596
E06,Channel3,2691,2567.7604324473555,41,345.23956755264464,45628.71089780573,9.520013075392596
E07,Channel3,2215,267.57063793594375,400,162.42936206405628,24326.9676455574,7.98265212192741
E07,Channel3,2295,3015.376710655126,27,251.62328934487402,24195.254422432292,7.98265212192741
E07,Channel3,2348,2355.6933440521266,33,309.30665594787325,25646.830669388524,7.98265212192741
E07,Channel3,2549,2760.395069633234,8,384.60493036676576,16396.777721574115,7.98265212192741
E07,Channel3,2559,2965.0515061832944,51,392.9484938167055,61606.95870237858,7.98265212192741
E07,Channel3,2583,986.5776587538606,16,380.42234124613935,13387.267092409133,7.98265212192741
E08,Channel3,2227,222.91859924554365,455,138.08140075445635,24425.3828310621,8.800788540298713
E08,Channel3,2324,3294.2629989463658,22,258.73700105363406,22999.724015222553,8.800788540298713
E08,Channel3,2377,3956.0631647339023,33,353.93683526609766,39517.63123375287,8.800788540298713
E08,Channel3,2604,3234.347773757062,10,433.65222624293807,24320.27593796923,8.800788540298713
E08,Channel3,2616,3228.899163237802,64,442.1008367621981,71182.22476591848,8.800788540298713
E10,Channel3,2435,2041.2922874413803,28,251.70771255861985,20937.574558021006,8.32670549672567
E10,Channel3,2497,1689.9548994196555,39,290.04510058034447,21768.546836118287,8.32670549672567
E10,Channel3,2660,765.9601625626151,50,283.03983743738496,14613.84080277481,8.32670549672567
E10,Channel3,2740,1855.719072382024,9,350.280927617976,13523.81637166354,8.32670549672567
E10,Channel3,2752,2304.7519996924575,43,353.24800030754244,40572.92096765519,8.32670549672567
E11,Channel3,2256,300.63230241449367,544,143.3676975855063,24241.844484166846,7.028445799137697
E11,Channel3,2436,3166.557794392804,27,241.4422056071958,29732.24888476462,7.028445799137697
E11,Channel3,2494,3161.556697469097,33,297.4433025309032,31572.15912747372,7.028445799137697
E11,Channel3,2642,1258.094613280597,47,309.90538671940305,21708.952614800924,7.028445799137697
E11,Channel3,2734,2696.260537998534,10,401.73946200146594,21227.269379710182,7.028445799137697
E11,Channel3,2747,3120.8245170177847,43,403.1754829822153,58530.590627649624,7.028445799137697
E12,Channel3,2351,235.64644866869355,456,130.35355133130645,20003.994969537445,8.015049583851397
E12,Channel3,2411,4183.391166434298,26,252.60883356570218,37224.1682091436,8.015049583851397
E12,Channel3,2464,2928.7186620225066,41,310.2813379774934,29308.97671418021,8.015049583851397
E12,Channel3,2727,2721.844950738397,10,408.1550492616028,19680.498994735957,8.015049583851397
E12,Channel3,2740,3024.9835034161483,63,448.01649658385156,69207.09594944306,8.015049583851397
E12,Channel3,2772,926.1621234332499,18,481.83787656675,11830.613144112456,8.015049583851397
F01,Channel3,2263,211.44174154109604,417,133.55825845890396,14652.175534255659,7.938812112918275
F01,Channel3,2348,1998.8893460810232,35,207.1106539189767,21015.90289674135,7.938812112918275
F01,Channel3,2427,2479.4273192500923,24,244.57268074990776,24268.313937310955,7.938812112918275
F01,Channel3,2649,901.8027423275482,18,360.1972576724517,12125.548807912724,7.938812112918275
F01,Channel3,2664,2728.83704282753,9,377.1629571724704,15801.13482634154,7.938812112918275
F01,Channel3,2676,2537.3678774308573,58,376.63212256914284,55024.99588635173,7.938812112918275
F02,Channel3,2353,1896.3971536333052,39,188.60284636669493,21241.974871961567,7.755274443168903
F02,Channel3,2429,2226.652635772207,25,216.3473642277931,21014.19650649277,7.755274443168903
F02,Channel3,2555,369.0551297242039,109,174.9448702757961,9042.771542904811,7.755274443168903
F02,Channel3,2646,581.4361628487433,19,307.56383715125673,7494.97225469019,7.755274443168903
F02,Channel3,2662,2152.563950173959,8,329.43604982604137,13374.123660446416,7.755274443168903
F02,Channel3,2673,2619.187598694981,37,333.81240130501936,37732.53305474539,7.755274443168903
F03,Channel3,2428,3363.288453906477,24,180.71154609352268,24544.011930787165,8.293644230015229
F03,Channel3,2494,2023.8486327396731,33,231.15136726032694,22332.636209232107,8.293644230015229
F03,Channel3,2657,720.9603154562597,45,228.03968454374038,13552.399927058945,8.293644230015229
F03,Channel3,2725,2485.7448639216523,8,311.2551360783478,16108.317314829119,8.293644230015229
F03,Channel3,2736,2815.2368830826554,37,315.76311691734463,46366.352163123505,8.293644230015229
F04,Channel3,2246,220.3698684000791,21,123.63013159992092,2208.1231135971143,7.262246179798869
F04,Channel3,2428,2831.566949288992,20,181.4330507110078,21923.749704625767,7.262246179798869
F04,Channel3,2483,1416.9531514322402,46,221.04684856775967,19338.53686616474,7.262246179798869
F04,Channel3,2628,1046.5247305859884,47,273.47526941401156,19444.78389619119,7.262246179798869
F04,Channel3,2719,1833.3715471298988,7,300.6284528701012,11198.13067800336,7.262246179798869
F04,Channel3,2729,2324.344285701149,39,303.65571429885097,39204.19607224635,7.262246179798869
F05,Channel3,2414,1678.3427608535912,27,209.65723914640867,15276.809630638216,7.949718909739389
F05,Channel3,2460,1489.1235866621707,30,222.8764133378292,12466.268127232113,7.949718909739389
F05,Channel3,2650,713.2840211749456,46,216.71597882505446,11658.079735396293,7.949718909739389
F05,Channel3,2700,1176.6115013333092,11,241.38849866669088,9255.7170489415,7.949718909739389
F05,Channel3,2714,1332.0728136035855,45,243.9271863964145,25362.613576354153,7.949718909739389
F06,Channel3,2493,1841.374542471889,30,183.62545752811093,18381.43018676707,8.698214797097817
F06,Channel3,2562,1499.5420559005358,40,248.45794409946413,17752.5019534659,8.698214797097817
F06,Channel3,2781,630.8389295801917,29,356.16107041980825,10952.114981916078,8.698214797097817
F06,Channel3,2802,2029.0843262864382,9,392.91567371356166,12396.11394103178,8.698214797097817
F06,Channel3,2813,2266.9951186849758,38,399.0048813150245,34492.997252807174,8.698214797097817
F07,Channel3,2238,292.19469929143463,30,141.8053007085654,3391.5946944167354,9.02883626749364
F07,Channel3,2341,2856.873445484283,23,265.12655451571726,23901.25703953411,9.02883626749364
F07,Channel3,2392,3143.292434137291,33,346.7075658627092,33291.14893648001,9.02883626749364
F07,Channel3,2613,1066.60205990294,7,420.39794009706003,6872.571198480166,9.02883626749364
F07,Channel3,2623,2528.0716058193357,20,441.9283941806642,28149.15084528743,9.02883626749364
F07,Channel3,2637,2522.603369057686,73,455.3966309423138,64736.36721803131,9.02883626749364
F08,Channel3,2300,1767.522656446493,25,261.4773435535069,16263.80542832383,11.580541027138315
F08,Channel3,2345,1554.6252136657663,34,299.3747863342338,16653.89546824736,11.580541027138315
F08,Channel3,2567,1636.9711047448525,9,327.0288952551476,11566.583772041193,11.580541027138315
F08,Channel3,2579,1808.0880839544614,49,338.91191604553865,43336.43049437535,11.580541027138315
F08,Channel3,2597,853.0535486861642,15,341.94645131383584,9959.536964401006,11.580541027138315
F09,Channel3,2435,1324.6577827422623,36,194.34221725773776,13273.185375559038,9.489144813888698
F09,Channel3,2455,379.48419790358776,9,211.51580209641222,2234.519784574902,9.489144813888698
F09,Channel3,2496,864.1925474960203,55,233.80745250397973,13125.809429114473,9.489144813888698
F09,Channel3,2525,355.3363032558659,13,237.66369674413409,2650.9054927773213,9.489144813888698
F09,Channel3,2667,667.4710571327039,47,222.52894286729614,11796.499946659816,9.489144813888698
F09,Channel3,2741,1024.930700622268,10,275.0692993777321,7244.070746278804,9.489144813888698
F09,Channel3,2754,1124.4335267689087,56,283.56647323109127,26313.973626575866,9.489144813888698
F09,Channel3,2768,470.8312992270602,8,286.1687007729398,3477.344699786355,9.489144813888698
F09,Channel3,2779,369.5658708055976,7,283.4341291944024,2163.849457834052,9.489144813888698
F10,Channel3,2288,240.48999336664374,502,157.51000663335626,21085.738838512687,10.028955387512744
F10,Channel3,2451,1588.4992103582917,41,264.50078964170825,19721.629117671284,10.028955387512744
F10,Channel3,2512,1872.9870018737674,34,357.0129981262326,20010.45596106212,10.028955387512744
F10,Channel3,2681,1857.1152456285718,51,310.88475437142836,31971.72822800517,10.028955387512744
F10,Channel3,2761,1376.6317525423774,9,386.36824745762254,10330.058196069358,10.028955387512744
F10,Channel3,2775,1657.7118307322125,73,404.2881692677874,46501.01854579749,10.028955387512744
F10,Channel3,2811,367.69047884171954,8,402.30952115828046,2381.187144954874,10.028955387512744
F10,Channel3,2822,267.5161238926909,8,389.4838761073091,1620.1165529658815,10.028955387512744
F11,Channel3,2314,280.63295291325545,124,163.36704708674455,6753.735764837524,7.208895710302689
F11,Channel3,2463,2301.7573579495247,35,227.2426420504751,26112.094690072885,7.208895710302689
F11,Channel3,2541,2267.057397901879,40,290.9426020981207,27355.981224409177,7.208895710302689
F11,Channel3,2696,210.2010714682591,12,308.7989285317409,2353.5298209293423,7.208895710302689
F11,Channel3,2717,1098.937042995009,48,327.06295700499084,19418.76495844303,7.208895710302689
F11,Channel3,2779,2691.398373098638,10,410.601626901362,18066.10310293171,7.208895710302689
F11,Channel3,2792,2905.0598356263117,44,414.94016437368833,52113.481862237284,7.208895710302689
F12,Channel3,2380,262.94622954819744,457,123.05377045180255,23286.724319451732,5.9887387261956535
F12,Channel3,2437,2920.002203174423,30,228.99779682557713,28106.288171200933,5.9887387261956535
F12,Channel3,2505,2082.43158717939,53,315.5684128206098,31291.137475896077,5.9887387261956535
F12,Channel3,2539,290.518966231298,9,305.481033768702,1756.1685944128196,5.9887387261956535
F12,Channel3,2761,2607.032642804209,10,411.96735719579124,18226.123010510335,5.9887387261956535
F12,Channel3,2774,3138.1142573191473,76,449.8857426808525,77099.24787537359,5.9887387261956535
F12,Channel3,2790,732.225912731201,4,476.774087268799,2823.4901770632246,5.9887387261956535
F12,Channel3,2813,1099.9003182992653,22,474.0996817007346,17279.945283322446,5.9887387261956535
G01,Channel3,2294,260.5783556599897,457,115.42164434001026,15448.677850480857,7.844564674549813
G01,Channel3,2391,583.3033845406007,17,202.69661545939925,5526.464053961178,7.844564674549813
G01,Channel3,2422,1479.932389427912,57,258.067610572088,25481.529426640052,7.844564674549813
G01,Channel3,2455,686.1638308481497,12,282.8361691518503,4297.5342661933955,7.844564674549813
G01,Channel3,2478,1053.2624228910213,43,278.7375771089787,16686.305237880486,7.844564674549813
G01,Channel3,2695,1531.9234384018487,15,398.0765615981512,13972.031302085217,7.844564674549813
G01,Channel3,2713,1750.5242749705528,8,414.47572502944723,12653.883843615522,7.844564674549813
G02,Channel3,2296,284.4634732986066,37,138.53652670139346,3180.5213787834455,8.86377104509911
G02,Channel3,2533,1911.978558921034,31,164.021441078966,19433.810852975832,8.86377104509911
G02,Channel3,2611,2147.4993476180493,31,199.50065238195074,20637.443632575076,8.86377104509911
G02,Channel3,2829,2499.261916862543,50,324.7380831374573,48182.49467876895,8.86377104509911
G02,Channel3,2839,2408.1746842404655,9,329.82531575953436,17054.635809406194,8.86377104509911
G03,Channel3,2214,288.5142937581874,51,127.48570624181257,3908.494554434607,7.484377389007173
G03,Channel3,2445,1985.8066963215147,34,158.19330367848522,19047.90577517978,7.484377389007173
G03,Channel3,2524,1565.9079768814079,35,199.09202311859218,19357.801694778984,7.484377389007173
G03,Channel3,2696,741.0584041195817,49,233.9415958804183,13764.160253901722,7.484377389007173
G03,Channel3,2750,2123.6317274489184,6,306.36827255108165,11221.26438205711,7.484377389007173
G03,Channel3,2759,2517.2723166702613,35,312.72768332973874,37334.945401053395,7.484377389007173
G04,Channel3,2428,3274.9562533054473,19,181.04374669455282,20766.13363726201,7.409581242709209
G04,Channel3,2483,1840.426220125317,35,229.57377987468286,19681.831549891183,7.409581242709209
G04,Channel3,2595,762.0308775870922,83,215.9691224129078,16058.70132421415,7.409581242709209
G04,Channel3,2704,2094.789320017173,8,264.21067998282683,12887.970720472913,7.409581242709209
G04,Channel3,2715,2386.5970985758017,37,269.40290142419815,38631.826220199735,7.409581242709209
G05,Channel3,2272,239.57727248643164,23,134.42272751356836,2545.076922594397,8.894942330641529
G05,Channel3,2425,1549.3959319074131,32,216.6040680925868,19363.829054269845,8.894942330641529
G05,Channel3,2480,1816.4328360717893,30,257.5671639282106,18697.411910292652,8.894942330641529
G05,Channel3,2664,805.1873375882608,46,262.81266241173927,14148.393268086664,8.894942330641529
G05,Channel3,2716,1568.7192077605234,9,320.2807922394765,11593.348416880699,8.894942330641529
G05,Channel3,2729,1800.6332665031719,44,332.3667334968282,35779.55643469153,8.894942330641529
G06,Channel3,2341,2085.937971174436,36,232.06202882556394,20302.536434774458,9.15387879712404
G06,Channel3,2416,2579.8147456916167,33,295.1852543083832,26723.595921547167,9.15387879712404
G06,Channel3,2633,3419.4671979711898,50,352.5328020288103,53456.611186847884,9.15387879712404
G06,Channel3,2644,2690.918970665892,9,357.0810293341078,17746.175489035122,9.15387879712404
G07,Channel3,2234,254.36084067694753,73,137.63915932305247,5168.720795259728,8.014101671618466
G07,Channel3,2344,3171.683348483162,23,254.31665151683828,25636.094850812766,8.014101671618466
G07,Channel3,2398,3473.948152586674,37,335.0518474133259,35508.726254378256,8.014101671618466
G07,Channel3,2608,1064.688229803091,40,379.3117701969091,17212.560602458514,8.014101671618466
G07,Channel3,2635,2220.029969742785,11,430.9700302572151,17830.526144715455,8.014101671618466
G07,Channel3,2648,3107.4119096059612,42,436.5880903940387,50965.19058121839,8.014101671618466
G08,Channel3,2313,3099.6458107360977,21,210.35418926390247,17934.8415143985,9.410690054917875
G08,Channel3,2369,2350.9935196475767,37,271.0064803524234,25857.691379738408,9.410690054917875
G08,Channel3,2601,2180.1242780693055,8,337.87572193069445,15280.513469024067,9.410690054917875
G08,Channel3,2613,2824.572648970122,41,347.42735102987825,47314.92531496746,9.410690054917875
G09,Channel3,2261,254.4962587866812,449,169.5037412133188,20340.675428394563,8.892016187853015
G09,Channel3,2423,2214.493782270669,26,240.5062177293313,22435.896550357007,8.892016187853015
G09,Channel3,2485,1814.326490802963,35,280.67350919703694,20976.696245732826,8.892016187853015
G09,Channel3,2625,249.2493827620953,11,276.7506172379047,2728.6059476476084,8.892016187853015
G09,Channel3,2648,949.0779776821362,46,282.9220223178638,18018.907035361583,8.892016187853015
G09,Channel3,2737,1807.3703285510635,9,344.62967144893656,13249.629060040976,8.892016187853015
G09,Channel3,2749,2105.709806161209,41,350.29019383879086,39278.75047215113,8.892016187853015
G10,Channel3,2327,237.12121968250378,498,174.87878031749622,23878.812465385538,46.227602123828596
G10,Channel3,2477,1283.0361481033663,55,235.96385189663366,20570.290930324765,46.227602123828596
G10,Channel3,2496,475.6620672951297,15,262.3379327048703,6324.073149180833,46.227602123828596
G10,Channel3,2556,1010.306911295422,67,320.69308870457803,23898.461616408542,46.227602123828596
G10,Channel3,2582,646.694024771642,29,335.305975228358,11960.06748900803,46.227602123828596
G10,Channel3,2714,261.1880461673687,12,297.8119538326313,2495.736676460303,46.227602123828596
G10,Channel3,2736,933.374747878046,51,311.62525212195396,17877.52538865808,46.227602123828596
G10,Channel3,2801,1581.3167467132155,6,409.6832532867846,8494.331937297515,46.227602123828596
G10,Channel3,2811,2233.0205624403334,52,422.97943755966685,49546.87205490283,46.227602123828596
G11,Channel3,2323,210.1802058388366,44,145.8197941611634,2888.174345932204,7.34142535144157
G11,Channel3,2462,1942.8082814641891,33,183.19171853581082,18030.721593353526,7.34142535144157
G11,Channel3,2546,1596.8153787772076,39,240.18462122279246,20546.299218036,7.34142535144157
G11,Channel3,2733,824.7289827530877,49,299.27101724691227,14973.295738879193,7.34142535144157
G11,Channel3,2784,1650.2884302145346,10,352.7115697854653,12445.97006338102,7.34142535144157
G11,Channel3,2797,1846.2266778525077,43,356.7733221474922,34040.76613184012,7.34142535144157
G11,Channel3,2866,269.6523268564831,56,299.3476731435169,4921.4581102838465,7.34142535144157
G12,Channel3,2441,1719.1764781740742,30,189.82352182592578,16840.85614148996,6.753850386616155
G12,Channel3,2505,1446.81509011975,39,226.18490988025,18456.81085053471,6.753850386616155
G12,Channel3,2760,1859.1212093585868,10,262.87879064141305,11943.641065417232,6.753850386616155
G12,Channel3,2774,1918.3368475715617,43,286.6631524284382,33578.08342281591,6.753850386616155
G12,Channel3,2858,644.3633092514488,33,293.6366907485512,10472.90473132088,6.753850386616155
H01,Channel3,2355,2049.2624895229974,43,191.73751047700247,20053.341154669015,7.580780379083631
H01,Channel3,2437,2151.585090133719,25,222.4149098662809,19555.585164389042,7.580780379083631
H01,Channel3,2668,2839.5718502980803,40,322.4281497019196,44759.25006271018,7.580780379083631
H01,Channel3,2678,2753.2293962677245,9,327.7706037322756,16598.7742079514,7.580780379083631
H02,Channel3,2241,415.45946820877873,44,134.5405317912213,4399.282412213591,7.213959335651622
H02,Channel3,2452,1905.428342335974,28,145.571657664026,16311.010989753255,7.213959335651622
H02,Channel3,2523,1444.2850741057357,38,182.71492589426427,16443.412741759174,7.213959335651622
H02,Channel3,2730,616.8149336067021,11,293.1850663932979,6341.88548585407,7.213959335651622
H02,Channel3,2741,2163.5344430274013,7,304.46555697259873,11282.465829655548,7.213959335651622
H02,Channel3,2751,1897.4043789029718,58,307.5956210970283,42414.380565295956,7.213959335651622
H03,Channel3,2261,248.4646286075712,29,132.5353713924288,2637.6346069098818,8.098234125188483
H03,Channel3,2426,2945.3550644724933,24,216.6449355275068,24124.202664758428,8.098234125188483
H03,Channel3,2480,1881.005433071045,35,266.994566928955,21250.399575309748,8.098234125188483
H03,Channel3,2648,899.2539310724642,47,250.74606892753584,15824.953265560856,8.098234125188483
H03,Channel3,2717,2013.3763143525173,9,354.6236856474827,13627.855219308856,8.098234125188483
H03,Channel3,2729,2405.4186064685227,42,367.58139353147703,40828.50381033423,8.098234125188483
H04,Channel3,2227,359.36407639464755,48,144.63592360535242,4215.454587646441,7.4735358476711555
H04,Channel3,2491,1395.0352871789357,39,173.96471282106424,18477.541287157645,7.4735358476711555
H04,Channel3,2568,2169.297666204205,31,213.70233379579477,21820.112872775273,7.4735358476711555
H04,Channel3,2701,819.5508750105888,54,247.44912498941116,15519.686227458822,7.4735358476711555
H04,Channel3,2786,2271.830926424455,6,300.16907357554527,12030.750838305137,7.4735358476711555
H04,Channel3,2794,2599.350957234067,34,299.6490427659326,39096.4742094633,7.4735358476711555
H05,Channel3,2391,2527.740860644656,51,225.25913935534376,28320.83420282542,8.200174928947137
H05,Channel3,2459,2618.211235607672,25,245.78876439232826,21563.747602375577,8.200174928947137
H05,Channel3,2639,721.7425036465747,48,292.25749635342527,11942.24392932728,8.200174928947137
H05,Channel3,2682,2204.9860590377066,10,320.0139409622935,14573.440635624658,8.200174928947137
H05,Channel3,2695,2264.665643274267,43,318.3343567257328,39725.011673590336,8.200174928947137
H06,Channel3,2270,251.18928822296786,30,188.81071177703214,2674.7546060799255,10.763168657203803
H06,Channel3,2470,1741.321830300798,31,214.67816969920204,16155.338822064823,10.763168657203803
H06,Channel3,2549,1210.3981255088006,40,250.60187449119937,15770.994512351734,10.763168657203803
H06,Channel3,2786,2417.439717665843,42,357.5602823341567,41946.08314394642,10.763168657203803
H06,Channel3,2795,2445.221298973962,9,363.77870102603794,15802.912206879182,10.763168657203803
H07,Channel3,2232,263.1980662594858,22,164.8019337405142,2797.0595167733713,9.798196770581985
H07,Channel3,2325,3121.6134866148905,23,275.3865133851095,25629.32669255045,9.798196770581985
H07,Channel3,2379,3539.9744012940982,34,359.0255987059016,38660.33475378918,9.798196770581985
H07,Channel3,2603,3562.254917259474,47,455.74508274052613,67195.2118610342,9.798196770581985
H07,Channel3,2616,3019.947810924254,10,472.052189075746,23105.33389858173,9.798196770581985
H08,Channel3,2299,3035.041355917374,21,246.95864408262617,21031.52760057862,9.99904360943812
H08,Channel3,2348,2010.3124836373813,41,293.6875163626187,21913.961962311314,9.99904360943812
H08,Channel3,2583,2121.2964951046406,8,362.7035048953594,14431.524209766554,9.99904360943812
H08,Channel3,2594,3003.0809736981287,40,373.9190263018712,50688.11679509846,9.99904360943812
H09,Channel3,2263,206.4562991089991,21,146.5437008910009,2201.2250242748105,8.363006090579287
H09,Channel3,2428,1815.2673980255627,29,205.73260197443724,20223.309066874168,8.363006090579287
H09,Channel3,2489,1613.4444828956973,46,240.55551710430262,19705.99489757264,8.363006090579287
H09,Channel3,2507,380.3616756581612,11,243.63832434183885,3796.1256066327696,8.363006090579287
H09,Channel3,2648,902.4795838629717,46,238.5204161370283,15004.782901576771,8.363006090579287
H09,Channel3,2736,1549.2225600337317,8,316.77743996626833,10699.738334061029,8.363006090579287
H09,Channel3,2747,2038.001330371262,44,321.99866962873807,36785.61880086847,8.363006090579287
H10,Channel3,2262,179.51120907527073,21,170.48879092472927,2302.25872646563,8.920830938369287
H10,Channel3,2408,3352.2060642079487,26,273.79393579205123,29289.306079388934,8.920830938369287
H10,Channel3,2458,2430.501333288713,31,310.4986667112871,20878.26230470205,8.920830938369287
H10,Channel3,2648,866.1214949059722,47,304.87850509402773,13981.969424131676,8.920830938369287
H10,Channel3,2706,2022.5747453099432,10,382.42525469005676,14429.237059231498,8.920830938369287
H10,Channel3,2719,2309.869326600204,45,390.13067339979597,41255.83263296667,8.920830938369287
H11,Channel3,2284,230.5912447698633,455,146.4087552301367,20720.364087540172,8.049455263900345
H11,Channel3,2412,2768.242086610649,30,262.75791338935096,31265.249931598657,8.049455263900345
H11,Channel3,2469,2096.9161622477786,38,305.0838377522215,24097.224800635086,8.049455263900345
H11,Channel3,2681,924.8502037590092,49,374.1497962409907,15071.255933079274,8.049455263900345
H11,Channel3,2713,2395.8093933797436,9,420.1906066202562,16802.705473574875,8.049455263900345
H11,Channel3,2725,2570.718005786457,41,421.28199421354304,47976.01939876081,8.049455263900345
H12,Channel3,2332,1810.5545668678235,30,243.44543313217656,18575.359740123764,7.264986867497079
H12,Channel3,2396,2704.164285929161,30,318.8357140708389,28139.911541756293,7.264986867497079
H12,Channel3,2650,1647.9472381385608,13,299.05276186143925,13914.563327355072,7.264986867497079
H12,Channel3,2666,1926.7779975490812,51,333.2220024509187,37578.943353341674,7.264986867497079
H12,Channel3,2749,706.683140365271,27,321.316859634729,10641.507914237853,7.264986867497079
